225,491 
229,346 
230,590 
230,670 
235,590 
236,594 
243,274 
243,415 
243,666 
246,735 
250,552 
251,383 
252,407 
253,422 
254,458 
254,717 
255,235 
255,368 
256,292 
256,573 
257,545 
257,624 
257,695 
258,372 
258,378 
258,616 
259,573 
260,567 
260,767 
261,325 
261,756 
262,396 
262,423 
262,762 
262,772 
263,164 
263,708 
263,306 
264,283 
264,520 
265,631 
266,712 
267,248 
268,342 
270,332 
270,506 
271,301 
271,396 
272,673 
273,468 
274,248 
274,729 
275,321 
275,663 
277,270 
277,298 
278,274 
278,683 
279,324 
281,712 
282,666 
282,680 
284,290 
284,349 
287,476 
287,497 
288,279 
288,346 
289,666 
289,678 
291,277 
291,324 
292,583 
292,679 
293,410 
294,721 
296,668 
297,503 
297,508 
297,657 
299,261 
299,660 
299,676 
301,731 
312,678 
313,684 
315,741 
317,318 
317,727 
320,296 
320,738 
323,679 
333,296 
335,240 
338,272 
338,753 
343,737 
344,296 
345,242 
345,237 
348,718 
350,266 
352,256 
358,733 
360,730 
362,274 
372,270 
373,727 
382,250 
383,257 
387,253 
391,743 
397,268 
404,717 
406,235 
406,242 
406,722 
407,748 
408,242 
410,720 
413,710 
416,767 
423,261 
427,264 
439,747 
442,738 
447,745 
449,272 
478,277 
478,703 
482,273 
483,260 
487,728 
490,287 
494,279 
499,743 
507,714 
507,751 
508,264 
513,293 
515,720 
515,769 
517,701 
517,735 
519,258 
523,292 
526,744 
536,745 
545,258 
555,745 
558,737 
561,267 
562,261 
575,758 
578,721 
579,281 
582,760 
584,750 
593,277 
594,701 
596,248 
597,709 
598,245 
599,240 
600,251 
607,266 
608,263 
619,731 
623,744 
632,742 
640,731 
642,267 
650,236 
651,287 
651,765 
655,741 
656,755 
662,730 
666,233 
669,293 
672,722 
675,277 
679,293 
681,302 
681,316 
682,694 
684,309 
686,675 
686,748 
687,302 
689,683 
693,259 
696,253 
696,727 
697,276 
698,749 
699,675 
700,523 
702,713 
704,331 
705,349 
705,728 
706,657 
706,733 
709,683 
710,261 
711,309 
711,583 
711,665 
711,720 
712,306 
712,685 
713,674 
714,575 
717,343 
719,258 
719,273 
719,704 
720,513 
722,277 
723,577 
724,405 
725,268 
725,412 
726,307 
726,237 
726,366 
726,487 
726,496 
727,428 
728,655 
729,366 
730,498 
731,345 
732,255 
732,753 
732,678 
735,575 
736,619 
737,650 
738,708 
739,383 
739,395 
740,372 
740,401 
741,243 
741,436 
741,727 
742,358 
742,578 
743,617 
744,378 
745,650 
745,744 
746,355 
747,393 
747,728 
747,513 
748,475 
749,651 
751,259 
751,478 
753,667 
755,268
755,747 
758,597 
758,666 
763,502 
763,581 
765,592 
767,725 
768,479 
770,252 
771,738 
773,415 
